%YAML:1.0
cvHOGClassifier: !!opencv-object-detector-hog
   winSize: [ 64, 128 ]
   blockSize: [ 16, 16 ]
   blockStride: [ 8, 8 ]
   cellSize: [ 8, 8 ]
   nbins: 9
   derivAperture: 1
   winSigma: 4.
   histogramNormType: 0
   L2HysThreshold: 2.0000000000000001e-01
   gammaCorrection: 1
   nlevels: 64
   SVMDetector: [ 3.43241729e-02, -4.07807939e-02, -5.29300869e-02,
       4.42297198e-02, 4.39234972e-02, -8.75590928e-03, -5.62942997e-02,
       -4.26418235e-04, 5.89854494e-02, 4.49773818e-02, -2.38969885e-02,
       -2.16127373e-02, 8.01620074e-03, -1.11577287e-02, 6.51862025e-02,
       -9.28105973e-03, 1.99486613e-02, 1.44152120e-02, 2.42466349e-02,
       -5.53631634e-02, -3.77751999e-02, 4.51729074e-02, 2.00132113e-02,
       -3.54732038e-03, -7.53170848e-02, -2.71431729e-02, 2.47953068e-02,
       3.46229635e-02, -2.96876649e-03, 3.43512557e-02, 1.67642925e-02,
       -2.77226903e-02, -8.85293726e-03, -3.52061316e-02, 1.06361378e-02,
       2.62784921e-02, -1.27489548e-02, -1.83779672e-02, 6.21151179e-03,
       3.32878679e-02, 2.29485016e-02, 4.38256226e-02, -4.37654890e-02,
       -2.15211185e-03, 3.47963013e-02, 6.74913730e-03, 4.15854342e-02,
       2.85154954e-02, 2.88563836e-02, -3.12845176e-03, 5.08784913e-02,
       3.43479030e-03, 2.36824211e-02, 4.42506038e-02, -2.83749998e-02,
       6.62172632e-03, 4.55645733e-02, 4.49228473e-02, -2.08666828e-02,
       1.07325278e-02, 4.74716444e-03, -2.01133359e-02, -3.00545734e-03,
       -4.51034494e-02, -1.43416144e-03, 5.04004955e-03, 7.11217383e-03,
       -2.93514896e-02, 2.85404995e-02, 2.70616319e-02, -9.78254993e-03,
       -2.91981902e-02, 3.99784967e-02, 6.92198472e-03, -2.78486982e-02,
       9.72320605e-03, 1.19510796e-02, 4.01414596e-02, 4.50990945e-02,
       1.81492213e-02, 2.16472689e-02, 4.78459932e-02, 2.71382965e-02,
       6.05479255e-03, 1.59507524e-02, 1.06965173e-02, -2.63032084e-03,
       3.91974999e-03, 5.11147780e-03, 3.33558321e-02, -1.31940907e-02,
       3.01900376e-02, -1.31505132e-02, -1.06180031e-02, 1.88079639e-03,
       8.79201293e-03, 2.04270408e-02, -1.53114768e-02, -3.18653882e-02,
       2.36013085e-02, -5.02787065e-04, -1.65888236e-03, -2.22123023e-02,
       1.80723295e-02, -1.36444839e-02, 2.29396787e-03, 1.11727472e-02,
       2.14813445e-02, 8.77723657e-03, 3.19213755e-02, -3.90547365e-02,
       2.05639023e-02, -1.02486173e-02, -1.84926647e-03, -2.96890754e-02,
       5.30240266e-03, -2.66045909e-02, -2.23717000e-02, -8.36591329e-03,
       -2.57450286e-02, 4.57074540e-03, 1.15385773e-02, -1.93053726e-02,
       3.32689248e-02, 1.57518126e-02, -2.13375892e-02, -2.34093191e-03,
       -1.37224351e-03, 6.79670973e-03, 5.22833271e-03, 2.47256197e-02,
       3.49113643e-02, 9.08405799e-03, 5.46031930e-02, -2.24717241e-02,
       -1.81313921e-02, -6.41124919e-02, 2.09046365e-03, 5.07640047e-03,
       -2.09545996e-02, -2.49789730e-02, 1.49902813e-02, 3.03806085e-02,
       1.64887160e-02, -4.46182415e-02, 2.92160884e-02, -2.11357009e-02,
       3.04475450e-03, -1.22369407e-02, -3.49826142e-02, -8.44946597e-03,
       1.52096329e-02, -4.03296798e-02, 4.94033331e-03, -1.97891202e-02,
       -5.78679517e-02, 2.14568917e-02, 1.38338683e-02, -5.53896744e-03,
       -1.01210419e-02, 5.40085603e-03, 1.96708515e-02, 1.14379348e-02,
       3.36392894e-02, 1.11132506e-02, 8.23257957e-03, 2.60146782e-02,
       1.92859378e-02, -8.88690539e-03, 6.43126518e-02, -1.30696623e-02,
       -4.74479571e-02, 5.23193041e-03, -1.94028225e-02, -2.12429166e-02,
       2.72197835e-02, 2.05408148e-02, -3.26694688e-03, 1.40975462e-02,
       -2.24606720e-05, 2.77447253e-02, -7.36787766e-02, -4.12793718e-02,
       7.20426813e-02, 1.32228862e-02, 2.17442289e-02, -3.89610045e-02,
       2.49264557e-02, 2.67431624e-02, -2.18178015e-02, -5.24357036e-02,
       -1.62937436e-02, 2.97027803e-03, 2.78639188e-03, -2.29924563e-02,
       -2.97666099e-02, -1.00168958e-02, -2.70467233e-02, 3.39546017e-02,
       -5.38616069e-02, -2.52601560e-02, 3.74610424e-02, 1.25165833e-02,
       2.55804379e-02, -1.24487914e-02, 6.95913434e-02, -3.68058681e-02,
       -2.29148529e-02, 4.49150428e-02, -1.73954554e-02, -1.55871706e-02,
       -2.71740369e-02, -6.69669220e-03, -1.43901566e-02, 4.73091863e-02,
       -5.05455360e-02, -1.01232305e-02, -1.88455787e-02, 7.52695464e-03,
       3.38511728e-02, -7.75501924e-03, -3.77999805e-03, -6.06838707e-03,
       -2.01658048e-02, 1.82548054e-02, -2.20260350e-03, -6.11880571e-02,
       -3.52733284e-02, 1.15140965e-02, 1.60489287e-02, -5.15075549e-02,
       -5.17237149e-02, 1.14643173e-02, 3.88758816e-02, -1.12774428e-02,
       8.41313135e-03, 5.35057019e-03, 2.00075414e-02, -6.76635234e-03,
       2.26481538e-02, -1.89064885e-04, 8.03361684e-02, 4.59342590e-03,
       -1.33310799e-02, -2.54094806e-02, 4.42445138e-03, -3.68204452e-02,
       1.83279961e-02, -4.73942002e-03, -7.30391666e-02, 3.04431748e-02,
       -1.81860290e-02, 3.87259163e-02, -2.57984903e-02, -5.20185456e-02,
       2.87093502e-02, 5.70974760e-02, -2.11773952e-03, -4.81352098e-02,
       2.39346568e-02, 1.56746879e-02, 1.41486488e-02, -4.78822626e-02,
       -4.25962023e-02, -2.68270019e-02, 4.13556350e-03, -1.20238950e-02,
       -4.16097939e-02, -4.08070022e-03, -3.68225724e-02, 1.27507327e-03,
       2.55730953e-02, 2.90456396e-02, 1.85966827e-02, -1.81350205e-03,
       4.36905734e-02, -2.63658036e-02, 6.36905357e-02, -5.65637928e-03,
       -1.05899442e-02, -1.56631414e-02, -1.70121866e-03, 1.69147253e-02,
       9.38147400e-03, 1.61432456e-02, -2.65430566e-03, 7.49122957e-03,
       -1.91969592e-02, -1.36540839e-02, 1.98729243e-03, 6.84219366e-03,
       4.52897996e-02, 5.22145536e-03, 4.67199134e-03, 1.21451383e-02,
       1.26286456e-03, -1.02272220e-02, -4.34669368e-02, 2.43440992e-03,
       -2.09056232e-02, 2.54444182e-02, 2.62790639e-02, -1.38003414e-03,
       -3.35239660e-04, -1.41918624e-03, -4.45363820e-02, 2.95514930e-02,
       9.44586098e-03, -2.49875360e-03, -1.90154172e-03, -6.56647682e-02,
       3.27852904e-03, 2.90916190e-02, -9.39693302e-03, 2.62017827e-02,
       -1.31573677e-02, -1.67961102e-02, 2.00510770e-02, -4.55066226e-02,
       1.00241769e-02, -1.54772215e-02, -8.36960878e-03, -2.26279292e-02,
       2.16484424e-02, -1.70922000e-02, -6.56598771e-04, -3.23342569e-02,
       -6.67651929e-03, -2.70503666e-02, -1.93768013e-02,
       -1.76310930e-02, 1.89853869e-02, 4.11759466e-02, -3.35820541e-02,
       -7.06432313e-02, -5.13443761e-02, 1.30324792e-02, -2.35841908e-02,
       2.69501638e-02, -3.23846713e-02, -1.90402772e-02, 1.28490524e-02,
       -1.08883390e-03, 1.95868835e-02, 2.81960946e-02, 3.10261548e-03,
       -1.41683472e-02, 9.31183528e-03, -1.07719610e-02, 3.26344818e-02,
       1.10575715e-02, -5.84846139e-02, 2.13476289e-02, -7.47723365e-03,
       2.73002405e-02, -1.18611082e-02, -1.44491130e-02, -2.31175143e-02,
       -1.59090348e-02, -3.31348628e-02, 1.32424152e-02, -3.58357280e-02,
       -6.13370799e-02, 3.20223756e-02, -1.92792248e-02, 4.43418883e-02,
       -1.12548273e-03, -7.88025744e-03, 1.26603702e-02, 1.83068460e-03,
       -3.14191654e-02, -1.91265084e-02, 1.99855268e-02, -1.05286781e-02,
       -2.09769141e-02, -7.73416227e-03, 1.05620166e-02, -2.71074884e-02,
       1.46396132e-02, 5.39283268e-02, 4.65080189e-03, 2.71242522e-02,
       2.37922445e-02, 4.02526185e-02, 2.67810021e-02, 7.38588860e-03,
       -3.21942940e-03, -2.97548361e-02, 3.05835847e-02, 1.54225370e-02,
       4.14254926e-02, 1.08541399e-02, 2.26572342e-03, 1.91514902e-02,
       7.39477342e-03, -3.02801430e-02, -3.50591028e-03, 1.89889141e-03,
       3.24650556e-02, 1.43424887e-02, -1.65644940e-02, 7.11325381e-04,
       -9.42090526e-03, 4.00729030e-02, 2.51647029e-02, -2.01358739e-02,
       -3.04019749e-02, -7.39950733e-03, -2.59932391e-02,
       -3.14424932e-02, -1.03806155e-02, -1.72039610e-03, 2.08940543e-02,
       -3.52893881e-02, 8.32477212e-03, 2.05428316e-03, -5.29490504e-03,
       -1.84406172e-02, 1.99553240e-02, -1.89820386e-03, 4.05403934e-02,
