%YAML:1.0
cvHOGClassifier: !!opencv-object-detector-hog
   winSize: [ 64, 128 ]
   blockSize: [ 16, 16 ]
   blockStride: [ 8, 8 ]
   cellSize: [ 8, 8 ]
   nbins: 9
   derivAperture: 1
   winSigma: 4.
   histogramNormType: 0
   L2HysThreshold: 2.0000000000000001e-01
   gammaCorrection: 1
   nlevels: 64
   SVMDetector: [ -6.63697347e-03, -4.18605506e-02, -5.66714406e-02,
       3.07309162e-02, -2.36804993e-03, -4.14194614e-02, -3.06812413e-02,
       7.03797303e-03, 2.67434511e-02, 1.55475615e-02, -1.17454370e-02,
       -2.24828925e-02, 2.32127146e-03, 1.39842052e-02, 3.98500403e-03,
       -9.77672450e-03, 9.98300221e-03, 1.82096474e-02, 2.32729893e-02,
       -2.99425814e-02, -1.75808128e-02, 4.37317081e-02, 2.25515924e-02,
       -6.12584315e-03, -3.83116528e-02, -3.96945737e-02, 3.82353505e-03,
       1.66557040e-02, -1.94791760e-02, -1.72889791e-03, 2.47462168e-02,
       9.84537695e-03, 1.29619578e-03, -3.01359245e-03, -4.19691158e-03,
       -1.42113469e-03, 9.28484928e-03, 5.06875245e-03, -1.76598169e-02,
       1.10681094e-02, 3.80857103e-02, -3.88554903e-03, -6.50444999e-03,
       3.90962325e-03, 2.12104712e-02, -2.01628916e-02, 1.05643775e-02,
       -1.31218927e-03, 9.82845109e-03, 5.75609831e-03, 1.59110762e-02,
       -1.42888259e-02, 1.52643425e-02, -4.53172904e-03, 2.85869017e-02,
       1.80507768e-02, -7.27917999e-03, 1.49037680e-02, 1.81071367e-02,
       4.35816497e-03, 2.55330815e-03, 6.75211835e-04, 1.65416840e-02,
       -9.85029154e-03, 4.82587330e-03, 4.77153389e-03, -3.47082294e-03,
       -2.48345044e-02, 1.55199517e-03, 2.78431550e-02, 2.67614773e-03,
       9.32393502e-03, 3.69205326e-03, 1.26098907e-02, 6.69253618e-03,
       -1.51465805e-02, 2.81044887e-03, 3.83835696e-02, 1.05200754e-02,
       2.34987084e-02, -2.22411891e-03, -9.66121879e-05, 2.61843926e-03,
       -3.65967117e-03, -2.46627722e-03, 1.52131235e-02, 4.75500850e-03,
       1.72081625e-03, 2.65660288e-04, 2.43060179e-02, -8.90213903e-03,
       5.33915299e-04, 3.22591956e-03, -8.31858721e-03, -1.40028186e-02,
       2.13909708e-02, 2.35093832e-02, 2.90562911e-03, 1.56227956e-02,
       1.09195681e-02, -9.21042915e-03, -1.95622891e-02, -6.14219857e-03,
       2.20563961e-03, -1.09655196e-02, 2.72514243e-02, 3.04810163e-02,
       2.35786270e-02, -1.63343549e-02, 4.50277189e-03, -1.40015529e-02,
       -1.02087921e-02, -1.38897765e-02, -8.42880644e-03, 1.01585984e-02,
       -5.41430851e-03, 6.78246422e-03, -2.12593004e-02, 1.87910907e-02,
       -3.17068771e-02, -2.11662408e-02, -8.25687079e-04,
       -7.09084375e-03, -1.06611857e-02, 1.23483287e-02, -7.51223182e-04,
       -1.30658243e-02, 1.92042384e-02, 2.58651488e-02, 2.57625878e-02,
       -1.24197947e-02, -1.94657128e-02, 1.00392932e-02, 2.20390167e-02,
       -2.50090007e-02, -3.91553752e-02, -3.01718041e-02,
       -5.28782327e-03, -3.20237167e-02, -5.22866808e-02,
       -2.09922083e-02, -5.55286743e-03, 2.18350496e-02, -3.97380292e-02,
       -1.43655324e-02, 5.77186570e-02, 1.19948983e-02, 8.25523399e-03,
       3.84235033e-03, -1.06944405e-02, -3.09402253e-02, 8.42631853e-04,
       -9.84309986e-03, 1.23009365e-02, 8.35573417e-04, -5.98114543e-03,
       -3.59351351e-03, 6.12954004e-03, -2.47602980e-03, -4.90665399e-02,
       -2.44153887e-02, -5.59623237e-04, -1.37137631e-02, 3.42058316e-02,
       3.01747993e-02, -8.48817825e-03, -1.43793523e-02, 1.82076879e-02,
       1.49689354e-02, 5.03040031e-02, 1.18374149e-03, -2.39926390e-02,
       -9.70169716e-03, -3.34929936e-02, -2.13284958e-02,
       -2.10670531e-02, 3.24719492e-03, -1.12680318e-02, 5.80103416e-03,
       -2.49565975e-03, 1.30019123e-02, -3.26418579e-02, -6.79198885e-03,
       -6.07209606e-03, -1.10937830e-03, -8.30313656e-04,
       -1.70912482e-02, 8.99616349e-03, 1.33694727e-02, -2.78254785e-02,
       -1.46033783e-02, -3.68974172e-02, -3.75889167e-02,
       -1.90373417e-02, -2.69649774e-02, 5.42258192e-03, 2.59791091e-02,
       -2.63188798e-02, 3.11268456e-02, 1.20392824e-02, -7.12268427e-03,
       1.50081301e-02, 3.90007021e-03, 2.76532006e-02, -5.90962218e-03,
       2.91940346e-02, -3.02456431e-02, -1.27322169e-03, 1.89061202e-02,
       -2.25446876e-02, -1.79902464e-02, 1.50575349e-02, -3.43553908e-03,
       -9.32710804e-03, -1.03576966e-02, -1.95923485e-02,
       -8.51139519e-03, 2.03025639e-02, -5.46746282e-03, 4.48126644e-02,
       2.22377554e-02, 1.63059905e-02, -7.86611717e-03, 2.18545999e-02,
       -3.72352055e-03, -5.70369605e-03, 8.06575920e-03, -2.49355212e-02,
       -4.17837454e-03, -4.60542478e-02, -1.32862460e-02,
       -9.47298706e-02, -2.78231241e-02, -2.24483311e-02, 1.71200838e-02,
       2.56749764e-02, -2.58430392e-02, 3.37989591e-02, 2.94860285e-02,
       3.67739499e-02, 8.33657011e-03, 3.38958129e-02, 2.63134316e-02,
       -2.44288296e-02, 2.29737459e-04, -1.98154077e-02, 3.64298932e-03,
       -3.29016186e-02, 2.27935947e-02, -4.18835804e-02, 3.00434977e-02,
       1.06643597e-02, 1.18029015e-02, 7.98241049e-03, -1.08612748e-02,
       -2.34259125e-02, -3.22501198e-03, 1.37017136e-02, -7.96043202e-02,
       -3.15185115e-02, -5.36217727e-03, -1.62658934e-02,
       -2.25003120e-02, 9.77442320e-03, -1.91836208e-02, 5.12623694e-04,
       3.60572245e-03, -2.59198844e-02, 2.77469065e-02, -1.03218695e-02,
       -3.40631269e-02, 1.34899849e-02, -1.31985766e-03, -6.69284351e-03,
       2.17769854e-02, 3.48788276e-02, -2.53635505e-03, 1.09366151e-02,
       1.89152677e-02, -4.70642671e-02, 6.39629550e-03, 3.54120531e-03,
       9.36946739e-03, -3.32705975e-02, 2.07156148e-02, 3.90732102e-02,
       1.85947288e-02, -1.59779433e-02, -4.97994386e-03, -4.31463681e-03,
       2.61926390e-02, 1.16260350e-02, 3.43552255e-03, -4.22907574e-03,
       -1.81397125e-02, 7.19482126e-03, 1.13070821e-02, -2.45834254e-02,
       3.65462666e-03, 2.33653300e-02, 2.60510594e-02, -2.62171086e-02,
       -1.05120745e-02, -2.23879386e-02, -3.72994319e-03, 2.95451842e-03,
       -2.01070942e-02, 1.01707336e-02, 1.43344067e-02, 9.73561592e-03,
       -2.33056210e-02, 5.57255885e-03, 2.55242512e-02, 2.05910094e-02,
       2.11846083e-02, -4.38580923e-02, -2.65053567e-03, 2.37471275e-02,
       6.08063163e-03, -3.39600630e-02, -9.66311246e-03, -2.97087170e-02,
       -1.46910278e-02, -1.54436696e-02, 1.28814473e-03, 1.27479276e-02,
       -1.21056568e-02, 3.39599443e-04, -3.04259900e-02, -1.36299478e-02,
       -1.56571958e-02, 1.52341451e-03, 3.97561677e-02, -7.90318754e-03,
       -2.97675319e-02, -6.40067384e-02, -2.50035096e-02,
       -3.60814966e-02, 9.17012710e-03, -7.26818591e-02, -4.42179814e-02,
       -9.52054001e-03, -1.46341166e-02, -1.16069643e-02, 1.68632455e-02,
       9.21411812e-03, -1.03602149e-02, -6.20017806e-03, -7.46715674e-03,
       2.83531267e-02, -6.66296668e-03, -4.03411463e-02, -3.01541556e-02,
       -2.96027400e-02, -4.31288558e-04, -1.02978842e-02, 3.12829800e-02,
       -2.99520465e-03, 1.81857012e-02, -1.06170950e-02, -1.46690011e-02,
       -3.38473618e-02, -4.15156707e-02, -5.17853629e-03,
       -2.16021817e-02, 5.06282318e-03, -4.03477065e-02, -2.49821246e-02,
       -2.22760579e-03, 6.86334493e-03, -2.55805291e-02, 1.30932992e-02,
       1.55860661e-02, -3.54062133e-02, 6.94909086e-03, -3.84413451e-02,
       -1.07306857e-02, -3.54057667e-03, 2.96230777e-03, -6.07373705e-03,
       1.03995781e-02, -1.14503633e-02, -1.76837537e-02, 2.12897100e-02,
       1.30947605e-02, 2.62637343e-02, 5.29002212e-03, -8.21384788e-03,
       -1.05355158e-02, 2.80753579e-02, 3.41950729e-02, -3.37938033e-02,
       -1.21382605e-02, -1.67491529e-02, 1.34874536e-02, -1.98077615e-02,
       -2.83943061e-02, -2.51967590e-02, 6.47239434e-03, 2.91964281e-02,
       -2.05278285e-02, 1.92699954e-02, -3.90484259e-02, 5.30558545e-03,
       -1.69861913e-02, -3.52039114e-02, -3.10503971e-02,
       -3.36622372e-02, -3.16037377e-03, -5.91689758e-02, 6.62254496e-03,
       -3.36061493e-02, -1.27094556e-02, -3.35909873e-02,
       -1.65928137e-02, 3.39602423e-03, -3.44440131e-03, 4.96586375e-02,
